FFFFFFFFF[FFFFFFFFFFFFFFFF][FFFFFFFFFFFFFFFF][FFFFFFFFFFFFFFFF][FFFFFFFFFFFFFFFF][FFFFFFFFFFFFFFFF][FFFFFFFFFFFFFFFF][FFFFFFFFFFFFFFFF]FFF[FFFFFFFFFFFFFF][FFFFFFFFFFFFFF][FFFFFFFFFFFFFF][FFFFFFFFFFFFFF][FFFFFFFFFFFFFF][FFFFFFFFFFFFFF][FFFFFFFFFFFFFF]FFF[FFFFFFFFFFFF][FFFFFFFFFFFF][FFFFFFFFFFFF][FFFFFFFFFFFF][FFFFFFFFFFFF][FFFFFFFFFFFF][FFFFFFFFFFFF]FFF[FFFFFFFFFF][FFFFFFFFFF][FFFFFFFFFF][FFFFFFFFFF][FFFFFFFFFF][FFFFFFFFFF][FFFFFFFFFF]FFF[FFFFFFFF][FFFFFFFF][FFFFFFFF][FFFFFFFF][FFFFFFFF][FFFFFFFF][FFFFFFFF]FFF[FFFFFF][FFFFFF][FFFFFF][FFFFFF][FFFFFF][FFFFFF][FFFFFF]FFF[FFFF][FFFF][FFFF][FFFF][FFFF][FFFF][FFFF]FFF[FF][FF][FF][FF][FF][FF][FF]FFF
537
0 0 0 0.632555 1.26511 0

0 0 0 0.675423 1.35085 0

0 0 0 0.713447 1.42689 0

0 0 0 0.7478 1.4956 0

0 0 0 0.779257 1.55851 0

0 0 0 0.808361 1.61672 0

0 0 0 0.833181 1.66636 0

0 0 0 0.858806 1.71761 0

0 0 0 0.882987 1.76597 0

0 -79.2 0 0.90361 1.80722 0

0 0 0 0.749108 1.49822 2
5.31866 5.31866 
0 0 0 0.944159 1.88832 0

0 0 0 0.770126 1.54025 2
6.40929 6.40929 
0 0 0 0.978597 1.95719 0

0 0 0 0.786826 1.57365 2
7.88002 7.88002 
0 0 0 1.01328 2.02656 0

0 0 0 0.812415 1.62483 2
10.0296 10.0296 
0 0 0 1.04336 2.08672 0

0 0 0 0.848094 1.69619 2
12.8912 12.8912 
0 0 0 1.07466 2.14931 0

0 0 0 0.910177 1.82035 2
14.1451 14.1451 
0 0 0 0.517047 1.03409 0

0 0 0 0.517047 1.03409 2
0.843013 0.843013 
0 0 0 0.507661 1.01532 0

0 0 0 0.507661 1.01532 2
0.641653 0.641653 
0 -94 80 0.90361 1.80722 0

0 0 0 0.749108 1.49822 2
5.31866 5.31866 
0 0 0 0.944159 1.88832 0

0 0 0 0.770126 1.54025 2
6.40929 6.40929 
0 0 0 0.978597 1.95719 0

0 0 0 0.786826 1.57365 2
7.88002 7.88002 
0 0 0 1.01328 2.02656 0

0 0 0 0.812415 1.62483 2
10.0296 10.0296 
0 0 0 1.04336 2.08672 0

0 0 0 0.848094 1.69619 2
12.8912 12.8912 
0 0 0 1.07466 2.14931 0

0 0 0 0.910177 1.82035 2
14.1451 14.1451 
0 0 0 0.517047 1.03409 0

0 0 0 0.517047 1.03409 2
0.843013 0.843013 
0 0 0 0.507661 1.01532 0

0 0 0 0.507661 1.01532 2
0.641653 0.641653 
-70 -79.2 0 0.90361 1.80722 0

0 0 0 0.749108 1.49822 2
5.31866 5.31866 
0 0 0 0.944159 1.88832 0

0 0 0 0.770126 1.54025 2
6.40929 6.40929 
0 0 0 0.978597 1.95719 0

0 0 0 0.786826 1.57365 2
7.88002 7.88002 
0 0 0 1.01328 2.02656 0

0 0 0 0.812415 1.62483 2
10.0296 10.0296 
0 0 0 1.04336 2.08672 0

0 0 0 0.848094 1.69619 2
12.8912 12.8912 
0 0 0 1.07466 2.14931 0

0 0 0 0.910177 1.82035 2
14.1451 14.1451 
0 0 0 0.517047 1.03409 0

0 0 0 0.517047 1.03409 2
0.843013 0.843013 
0 0 0 0.507661 1.01532 0

0 0 0 0.507661 1.01532 2
0.641653 0.641653 
-170 -79.2 0 0.90361 1.80722 0

0 0 0 0.749108 1.49822 2
5.31866 5.31866 
0 0 0 0.944159 1.88832 0

0 0 0 0.770126 1.54025 2
6.40929 6.40929 
0 0 0 0.978597 1.95719 0

0 0 0 0.786826 1.57365 2
7.88002 7.88002 
0 0 0 1.01328 2.02656 0

0 0 0 0.812415 1.62483 2
10.0296 10.0296 
0 0 0 1.04336 2.08672 0

0 0 0 0.848094 1.69619 2
12.8912 12.8912 
0 0 0 1.07466 2.14931 0

0 0 0 0.910177 1.82035 2
14.1451 14.1451 
0 0 0 0.517047 1.03409 0

0 0 0 0.517047 1.03409 2
0.843013 0.843013 
0 0 0 0.507661 1.01532 0

0 0 0 0.507661 1.01532 2
0.641653 0.641653 
-120 -79.2 0 0.90361 1.80722 0

0 0 0 0.749108 1.49822 2
5.31866 5.31866 
0 0 0 0.944159 1.88832 0

0 0 0 0.770126 1.54025 2
6.40929 6.40929 
0 0 0 0.978597 1.95719 0

0 0 0 0.786826 1.57365 2
7.88002 7.88002 
0 0 0 1.01328 2.02656 0

0 0 0 0.812415 1.62483 2
10.0296 10.0296 
0 0 0 1.04336 2.08672 0

0 0 0 0.848094 1.69619 2
12.8912 12.8912 
0 0 0 1.07466 2.14931 0

0 0 0 0.910177 1.82035 2
14.1451 14.1451 
0 0 0 0.517047 1.03409 0

0 0 0 0.517047 1.03409 2
0.843013 0.843013 
0 0 0 0.507661 1.01532 0

0 0 0 0.507661 1.01532 2
0.641653 0.641653 
-220 -79.2 0 0.90361 1.80722 0

0 0 0 0.749108 1.49822 2
5.31866 5.31866 
0 0 0 0.944159 1.88832 0

0 0 0 0.770126 1.54025 2
6.40929 6.40929 
0 0 0 0.978597 1.95719 0

0 0 0 0.786826 1.57365 2
7.88002 7.88002 
0 0 0 1.01328 2.02656 0

0 0 0 0.812415 1.62483 2
10.0296 10.0296 
0 0 0 1.04336 2.08672 0

0 0 0 0.848094 1.69619 2
12.8912 12.8912 
0 0 0 1.07466 2.14931 0

0 0 0 0.910177 1.82035 2
14.1451 14.1451 
0 0 0 0.517047 1.03409 0

0 0 0 0.517047 1.03409 2
0.843013 0.843013 
0 0 0 0.507661 1.01532 0

0 0 0 0.507661 1.01532 2
0.641653 0.641653 
-320 -79.2 0 0.90361 1.80722 0

0 0 0 0.749108 1.49822 2
5.31866 5.31866 
0 0 0 0.944159 1.88832 0

0 0 0 0.770126 1.54025 2
6.40929 6.40929 
0 0 0 0.978597 1.95719 0

0 0 0 0.786826 1.57365 2
7.88002 7.88002 
0 0 0 1.01328 2.02656 0

0 0 0 0.812415 1.62483 2
10.0296 10.0296 
0 0 0 1.04336 2.08672 0

0 0 0 0.848094 1.69619 2
12.8912 12.8912 
0 0 0 1.07466 2.14931 0

0 0 0 0.910177 1.82035 2
14.1451 14.1451 
0 0 0 0.517047 1.03409 0

0 0 0 0.517047 1.03409 2
0.843013 0.843013 
0 0 0 0.507661 1.01532 0

0 0 0 0.507661 1.01532 2
0.641653 0.641653 
0 0 0.99 0.90361 1.80722 0

0 0 0 0.925537 1.85107 0

0 0 0 0.946471 1.89294 0

0 -79.2 0 0.964301 1.9286 0

0 0 0 0.781853 1.56371 2
6.8076 6.8076 
0 0 0 0.997387 1.99477 0

0 0 0 0.798159 1.59632 2
8.33654 8.33654 
0 0 0 1.03084 2.06167 0

0 0 0 0.823441 1.64688 2
10.5694 10.5694 
0 0 0 1.05994 2.11989 0

0 0 0 0.859279 1.71856 2
13.536 13.536 
0 0 0 1.09031 2.18062 0

0 0 0 0.921781 1.84356 2
14.7931 14.7931 
0 0 0 0.517047 1.03409 0

0 0 0 0.517047 1.03409 2
0.843013 0.843013 
0 0 0 0.507661 1.01532 0

0 0 0 0.507661 1.01532 2
0.641653 0.641653 
0 -94 80 0.964301 1.9286 0

0 0 0 0.781853 1.56371 2
6.8076 6.8076 
0 0 0 0.997387 1.99477 0

0 0 0 0.798159 1.59632 2
8.33654 8.33654 
0 0 0 1.03084 2.06167 0

0 0 0 0.823441 1.64688 2
10.5694 10.5694 
0 0 0 1.05994 2.11989 0

0 0 0 0.859279 1.71856 2
13.536 13.536 
0 0 0 1.09031 2.18062 0

0 0 0 0.921781 1.84356 2
14.7931 14.7931 
0 0 0 0.517047 1.03409 0

0 0 0 0.517047 1.03409 2
0.843013 0.843013 
0 0 0 0.507661 1.01532 0

0 0 0 0.507661 1.01532 2
0.641653 0.641653 
-70 -79.2 0 0.964301 1.9286 0

0 0 0 0.781853 1.56371 2
6.8076 6.8076 
0 0 0 0.997387 1.99477 0

0 0 0 0.798159 1.59632 2
8.33654 8.33654 
0 0 0 1.03084 2.06167 0

0 0 0 0.823441 1.64688 2
10.5694 10.5694 
0 0 0 1.05994 2.11989 0

0 0 0 0.859279 1.71856 2
13.536 13.536 
0 0 0 1.09031 2.18062 0

0 0 0 0.921781 1.84356 2
14.7931 14.7931 
0 0 0 0.517047 1.03409 0

0 0 0 0.517047 1.03409 2
0.843013 0.843013 
0 0 0 0.507661 1.01532 0

0 0 0 0.507661 1.01532 2
0.641653 0.641653 
-170 -79.2 0 0.964301 1.9286 0

0 0 0 0.781853 1.56371 2
6.8076 6.8076 
0 0 0 0.997387 1.99477 0

0 0 0 0.798159 1.59632 2
8.33654 8.33654 
0 0 0 1.03084 2.06167 0

0 0 0 0.823441 1.64688 2
10.5694 10.5694 
0 0 0 1.05994 2.11989 0

0 0 0 0.859279 1.71856 2
13.536 13.536 
0 0 0 1.09031 2.18062 0

0 0 0 0.921781 1.84356 2
14.7931 14.7931 
0 0 0 0.517047 1.03409 0

0 0 0 0.517047 1.03409 2
0.843013 0.843013 
0 0 0 0.507661 1.01532 0

0 0 0 0.507661 1.01532 2
0.641653 0.641653 
-120 -79.2 0 0.964301 1.9286 0

0 0 0 0.781853 1.56371 2
6.8076 6.8076 
0 0 0 0.997387 1.99477 0

0 0 0 0.798159 1.59632 2
8.33654 8.33654 
0 0 0 1.03084 2.06167 0

0 0 0 0.823441 1.64688 2
10.5694 10.5694 
0 0 0 1.05994 2.11989 0

0 0 0 0.859279 1.71856 2
13.536 13.536 
0 0 0 1.09031 2.18062 0

0 0 0 0.921781 1.84356 2
14.7931 14.7931 
0 0 0 0.517047 1.03409 0

0 0 0 0.517047 1.03409 2
0.843013 0.843013 
0 0 0 0.507661 1.01532 0

0 0 0 0.507661 1.01532 2
0.641653 0.641653 
-220 -79.2 0 0.964301 1.9286 0

0 0 0 0.781853 1.56371 2
6.8076 6.8076 
0 0 0 0.997387 1.99477 0

0 0 0 0.798159 1.59632 2
8.33654 8.33654 
0 0 0 1.03084 2.06167 0

0 0 0 0.823441 1.64688 2
10.5694 10.5694 
0 0 0 1.05994 2.11989 0

0 0 0 0.859279 1.71856 2
13.536 13.536 
0 0 0 1.09031 2.18062 0

0 0 0 0.921781 1.84356 2
14.7931 14.7931 
0 0 0 0.517047 1.03409 0

0 0 0 0.517047 1.03409 2
0.843013 0.843013 
0 0 0 0.507661 1.01532 0

0 0 0 0.507661 1.01532 2
0.641653 0.641653 
-320 -79.2 0 0.964301 1.9286 0

0 0 0 0.781853 1.56371 2
6.8076 6.8076 
0 0 0 0.997387 1.99477 0

0 0 0 0.798159 1.59632 2
8.33654 8.33654 
0 0 0 1.03084 2.06167 0

0 0 0 0.823441 1.64688 2
10.5694 10.5694 
0 0 0 1.05994 2.11989 0

0 0 0 0.859279 1.71856 2
13.536 13.536 
0 0 0 1.09031 2.18062 0

0 0 0 0.921781 1.84356 2
14.7931 14.7931 
0 0 0 0.517047 1.03409 0

0 0 0 0.517047 1.03409 2
0.843013 0.843013 
0 0 0 0.507661 1.01532 0

0 0 0 0.507661 1.01532 2
0.641653 0.641653 
0 0 0.99 0.964301 1.9286 0

0 0 0 0.983635 1.96727 0

0 0 0 1.00224 2.00448 0

0 -79.2 0 1.01549 2.03099 0

0 0 0 0.809179 1.61836 2
8.79342 8.79342 
0 0 0 1.04782 2.09563 0

0 0 0 0.83418 1.66836 2
11.1095 11.1095 
0 0 0 1.07602 2.15205 0

0 0 0 0.87018 1.74036 2
14.1808 14.1808 
0 0 0 1.10552 2.21105 0

0 0 0 0.9331 1.8662 2
15.4411 15.4411 
0 0 0 0.517047 1.03409 0

0 0 0 0.517047 1.03409 2
0.843013 0.843013 
0 0 0 0.507661 1.01532 0

0 0 0 0.507661 1.01532 2
0.641653 0.641653 
0 -94 80 1.01549 2.03099 0

0 0 0 0.809179 1.61836 2
8.79342 8.79342 
0 0 0 1.04782 2.09563 0

0 0 0 0.83418 1.66836 2
11.1095 11.1095 
0 0 0 1.07602 2.15205 0

0 0 0 0.87018 1.74036 2
14.1808 14.1808 
0 0 0 1.10552 2.21105 0

0 0 0 0.9331 1.8662 2
15.4411 15.4411 
0 0 0 0.517047 1.03409 0

0 0 0 0.517047 1.03409 2
0.843013 0.843013 
0 0 0 0.507661 1.01532 0

0 0 0 0.507661 1.01532 2
0.641653 0.641653 
-70 -79.2 0 1.01549 2.03099 0

0 0 0 0.809179 1.61836 2
8.79342 8.79342 
0 0 0 1.04782 2.09563 0

0 0 0 0.83418 1.66836 2
11.1095 11.1095 
0 0 0 1.07602 2.15205 0

0 0 0 0.87018 1.74036 2
14.1808 14.1808 
0 0 0 1.10552 2.21105 0

0 0 0 0.9331 1.8662 2
15.4411 15.4411 
0 0 0 0.517047 1.03409 0

0 0 0 0.517047 1.03409 2
0.843013 0.843013 
0 0 0 0.507661 1.01532 0

0 0 0 0.507661 1.01532 2
0.641653 0.641653 
-170 -79.2 0 1.01549 2.03099 0

0 0 0 0.809179 1.61836 2
8.79342 8.79342 
0 0 0 1.04782 2.09563 0

0 0 0 0.83418 1.66836 2
11.1095 11.1095 
0 0 0 1.07602 2.15205 0

0 0 0 0.87018 1.74036 2
14.1808 14.1808 
0 0 0 1.10552 2.21105 0

0 0 0 0.9331 1.8662 2
15.4411 15.4411 
0 0 0 0.517047 1.03409 0

0 0 0 0.517047 1.03409 2
0.843013 0.843013 
0 0 0 0.507661 1.01532 0

0 0 0 0.507661 1.01532 2
0.641653 0.641653 
-120 -79.2 0 1.01549 2.03099 0

0 0 0 0.809179 1.61836 2
8.79342 8.79342 
0 0 0 1.04782 2.09563 0

0 0 0 0.83418 1.66836 2
11.1095 11.1095 
0 0 0 1.07602 2.15205 0

0 0 0 0.87018 1.74036 2
14.1808 14.1808 
0 0 0 1.10552 2.21105 0

0 0 0 0.9331 1.8662 2
15.4411 15.4411 
0 0 0 0.517047 1.03409 0

0 0 0 0.517047 1.03409 2
0.843013 0.843013 
0 0 0 0.507661 1.01532 0

0 0 0 0.507661 1.01532 2
0.641653 0.641653 
-220 -79.2 0 1.01549 2.03099 0

0 0 0 0.809179 1.61836 2
8.79342 8.79342 
0 0 0 1.04782 2.09563 0

0 0 0 0.83418 1.66836 2
11.1095 11.1095 
0 0 0 1.07602 2.15205 0

0 0 0 0.87018 1.74036 2
14.1808 14.1808 
0 0 0 1.10552 2.21105 0

0 0 0 0.9331 1.8662 2
15.4411 15.4411 
0 0 0 0.517047 1.03409 0

0 0 0 0.517047 1.03409 2
0.843013 0.843013 
0 0 0 0.507661 1.01532 0

0 0 0 0.507661 1.01532 2
0.641653 0.641653 
-320 -79.2 0 1.01549 2.03099 0

0 0 0 0.809179 1.61836 2
8.79342 8.79342 
0 0 0 1.04782 2.09563 0

0 0 0 0.83418 1.66836 2
11.1095 11.1095 
0 0 0 1.07602 2.15205 0

0 0 0 0.87018 1.74036 2
14.1808 14.1808 
0 0 0 1.10552 2.21105 0

0 0 0 0.9331 1.8662 2
15.4411 15.4411 
0 0 0 0.517047 1.03409 0

0 0 0 0.517047 1.03409 2
0.843013 0.843013 
0 0 0 0.507661 1.01532 0

0 0 0 0.507661 1.01532 2
0.641653 0.641653 
0 0 0.99 1.01549 2.03099 0

0 0 0 1.03298 2.06595 0

0 0 0 1.04989 2.09977 0

0 -79.2 0 1.06426 2.12852 0

0 0 0 0.84465 1.6893 2
11.6498 11.6498 
0 0 0 1.09164 2.18327 0

0 0 0 0.880815 1.76163 2
14.8258 14.8258 
0 0 0 1.12033 2.24067 0

0 0 0 0.944151 1.8883 2
16.0891 16.0891 
0 0 0 0.517047 1.03409 0

0 0 0 0.517047 1.03409 2
0.843013 0.843013 
0 0 0 0.507661 1.01532 0

0 0 0 0.507661 1.01532 2
0.641653 0.641653 
0 -94 80 1.06426 2.12852 0

0 0 0 0.84465 1.6893 2
11.6498 11.6498 
0 0 0 1.09164 2.18327 0

0 0 0 0.880815 1.76163 2
14.8258 14.8258 
0 0 0 1.12033 2.24067 0

0 0 0 0.944151 1.8883 2
16.0891 16.0891 
0 0 0 0.517047 1.03409 0

0 0 0 0.517047 1.03409 2
0.843013 0.843013 
0 0 0 0.507661 1.01532 0

0 0 0 0.507661 1.01532 2
0.641653 0.641653 
-70 -79.2 0 1.06426 2.12852 0

0 0 0 0.84465 1.6893 2
11.6498 11.6498 
0 0 0 1.09164 2.18327 0

0 0 0 0.880815 1.76163 2
14.8258 14.8258 
0 0 0 1.12033 2.24067 0

0 0 0 0.944151 1.8883 2
16.0891 16.0891 
0 0 0 0.517047 1.03409 0

0 0 0 0.517047 1.03409 2
0.843013 0.843013 
0 0 0 0.507661 1.01532 0

0 0 0 0.507661 1.01532 2
0.641653 0.641653 
-170 -79.2 0 1.06426 2.12852 0

0 0 0 0.84465 1.6893 2
11.6498 11.6498 
0 0 0 1.09164 2.18327 0

0 0 0 0.880815 1.76163 2
14.8258 14.8258 
0 0 0 1.12033 2.24067 0

0 0 0 0.944151 1.8883 2
16.0891 16.0891 
0 0 0 0.517047 1.03409 0

0 0 0 0.517047 1.03409 2
0.843013 0.843013 
0 0 0 0.507661 1.01532 0

0 0 0 0.507661 1.01532 2
0.641653 0.641653 
-120 -79.2 0 1.06426 2.12852 0

0 0 0 0.84465 1.6893 2
11.6498 11.6498 
0 0 0 1.09164 2.18327 0

0 0 0 0.880815 1.76163 2
14.8258 14.8258 
0 0 0 1.12033 2.24067 0

0 0 0 0.944151 1.8883 2
16.0891 16.0891 
0 0 0 0.517047 1.03409 0

0 0 0 0.517047 1.03409 2
0.843013 0.843013 
0 0 0 0.507661 1.01532 0

0 0 0 0.507661 1.01532 2
0.641653 0.641653 
-220 -79.2 0 1.06426 2.12852 0

0 0 0 0.84465 1.6893 2
11.6498 11.6498 
0 0 0 1.09164 2.18327 0

0 0 0 0.880815 1.76163 2
14.8258 14.8258 
0 0 0 1.12033 2.24067 0

0 0 0 0.944151 1.8883 2
16.0891 16.0891 
0 0 0 0.517047 1.03409 0

0 0 0 0.517047 1.03409 2
0.843013 0.843013 
0 0 0 0.507661 1.01532 0

0 0 0 0.507661 1.01532 2
0.641653 0.641653 
-320 -79.2 0 1.06426 2.12852 0

0 0 0 0.84465 1.6893 2
11.6498 11.6498 
0 0 0 1.09164 2.18327 0

0 0 0 0.880815 1.76163 2
14.8258 14.8258 
0 0 0 1.12033 2.24067 0

0 0 0 0.944151 1.8883 2
16.0891 16.0891 
0 0 0 0.517047 1.03409 0

0 0 0 0.517047 1.03409 2
0.843013 0.843013 
0 0 0 0.507661 1.01532 0

0 0 0 0.507661 1.01532 2
0.641653 0.641653 
0 0 0.99 1.06426 2.12852 0

0 0 0 1.08021 2.16043 0

0 0 0 1.09571 2.19142 0

0 -79.2 0 1.10682 2.21363 0

0 0 0 0.891199 1.7824 2
15.4708 15.4708 
0 0 0 1.13476 2.26952 0

0 0 0 0.954949 1.9099 2
16.7373 16.7373 
0 0 0 0.517047 1.03409 0

0 0 0 0.517047 1.03409 2
0.843013 0.843013 
0 0 0 0.507661 1.01532 0

0 0 0 0.507661 1.01532 2
0.641653 0.641653 
0 -94 80 1.10682 2.21363 0

0 0 0 0.891199 1.7824 2
15.4708 15.4708 
0 0 0 1.13476 2.26952 0

0 0 0 0.954949 1.9099 2
16.7373 16.7373 
0 0 0 0.517047 1.03409 0

0 0 0 0.517047 1.03409 2
0.843013 0.843013 
0 0 0 0.507661 1.01532 0

0 0 0 0.507661 1.01532 2
0.641653 0.641653 
-70 -79.2 0 1.10682 2.21363 0

0 0 0 0.891199 1.7824 2
15.4708 15.4708 
0 0 0 1.13476 2.26952 0

0 0 0 0.954949 1.9099 2
16.7373 16.7373 
0 0 0 0.517047 1.03409 0

0 0 0 0.517047 1.03409 2
0.843013 0.843013 
0 0 0 0.507661 1.01532 0

0 0 0 0.507661 1.01532 2
0.641653 0.641653 
-170 -79.2 0 1.10682 2.21363 0

0 0 0 0.891199 1.7824 2
15.4708 15.4708 
0 0 0 1.13476 2.26952 0

0 0 0 0.954949 1.9099 2
16.7373 16.7373 
0 0 0 0.517047 1.03409 0

0 0 0 0.517047 1.03409 2
0.843013 0.843013 
0 0 0 0.507661 1.01532 0

0 0 0 0.507661 1.01532 2
0.641653 0.641653 
-120 -79.2 0 1.10682 2.21363 0

0 0 0 0.891199 1.7824 2
15.4708 15.4708 
0 0 0 1.13476 2.26952 0

0 0 0 0.954949 1.9099 2
16.7373 16.7373 
0 0 0 0.517047 1.03409 0

0 0 0 0.517047 1.03409 2
0.843013 0.843013 
0 0 0 0.507661 1.01532 0

0 0 0 0.507661 1.01532 2
0.641653 0.641653 
-220 -79.2 0 1.10682 2.21363 0

0 0 0 0.891199 1.7824 2
15.4708 15.4708 
0 0 0 1.13476 2.26952 0

0 0 0 0.954949 1.9099 2
16.7373 16.7373 
0 0 0 0.517047 1.03409 0

0 0 0 0.517047 1.03409 2
0.843013 0.843013 
0 0 0 0.507661 1.01532 0

0 0 0 0.507661 1.01532 2
0.641653 0.641653 
-320 -79.2 0 1.10682 2.21363 0

0 0 0 0.891199 1.7824 2
15.4708 15.4708 
0 0 0 1.13476 2.26952 0

0 0 0 0.954949 1.9099 2
16.7373 16.7373 
0 0 0 0.517047 1.03409 0

0 0 0 0.517047 1.03409 2
0.843013 0.843013 
0 0 0 0.507661 1.01532 0

0 0 0 0.507661 1.01532 2
0.641653 0.641653 
0 0 0.99 1.10682 2.21363 0

0 0 0 1.12159 2.24318 0

0 0 0 1.13598 2.27197 0

0 -79.2 0 1.14883 2.29766 0

0 0 0 0.965508 1.93102 2
17.3854 17.3854 
0 0 0 0.517047 1.03409 0

0 0 0 0.517047 1.03409 2
0.843013 0.843013 
0 0 0 0.507661 1.01532 0

0 0 0 0.507661 1.01532 2
0.641653 0.641653 
0 -94 80 1.14883 2.29766 0

0 0 0 0.965508 1.93102 2
17.3854 17.3854 
0 0 0 0.517047 1.03409 0

0 0 0 0.517047 1.03409 2
0.843013 0.843013 
0 0 0 0.507661 1.01532 0

0 0 0 0.507661 1.01532 2
0.641653 0.641653 
-70 -79.2 0 1.14883 2.29766 0

0 0 0 0.965508 1.93102 2
17.3854 17.3854 
0 0 0 0.517047 1.03409 0

0 0 0 0.517047 1.03409 2
0.843013 0.843013 
0 0 0 0.507661 1.01532 0

0 0 0 0.507661 1.01532 2
0.641653 0.641653 
-170 -79.2 0 1.14883 2.29766 0

0 0 0 0.965508 1.93102 2
17.3854 17.3854 
0 0 0 0.517047 1.03409 0

0 0 0 0.517047 1.03409 2
0.843013 0.843013 
0 0 0 0.507661 1.01532 0

0 0 0 0.507661 1.01532 2
0.641653 0.641653 
-120 -79.2 0 1.14883 2.29766 0

0 0 0 0.965508 1.93102 2
17.3854 17.3854 
0 0 0 0.517047 1.03409 0

0 0 0 0.517047 1.03409 2
0.843013 0.843013 
0 0 0 0.507661 1.01532 0

0 0 0 0.507661 1.01532 2
0.641653 0.641653 
-220 -79.2 0 1.14883 2.29766 0

0 0 0 0.965508 1.93102 2
17.3854 17.3854 
0 0 0 0.517047 1.03409 0

0 0 0 0.517047 1.03409 2
0.843013 0.843013 
0 0 0 0.507661 1.01532 0

0 0 0 0.507661 1.01532 2
0.641653 0.641653 
-320 -79.2 0 1.14883 2.29766 0

0 0 0 0.965508 1.93102 2
17.3854 17.3854 
0 0 0 0.517047 1.03409 0

0 0 0 0.517047 1.03409 2
0.843013 0.843013 
0 0 0 0.507661 1.01532 0

0 0 0 0.507661 1.01532 2
0.641653 0.641653 
0 0 0.99 1.14883 2.29766 0

0 0 0 1.16256 2.32512 0

0 0 0 1.17597 2.35195 0

0 -79.2 0 0.517047 1.03409 0

0 0 0 0.517047 1.03409 2
0.843013 0.843013 
0 0 0 0.507661 1.01532 0

0 0 0 0.507661 1.01532 2
0.641653 0.641653 
0 -94 80 0.517047 1.03409 0

0 0 0 0.517047 1.03409 2
0.843013 0.843013 
0 0 0 0.507661 1.01532 0

0 0 0 0.507661 1.01532 2
0.641653 0.641653 
-70 -79.2 0 0.517047 1.03409 0

0 0 0 0.517047 1.03409 2
0.843013 0.843013 
0 0 0 0.507661 1.01532 0

0 0 0 0.507661 1.01532 2
0.641653 0.641653 
-170 -79.2 0 0.517047 1.03409 0

0 0 0 0.517047 1.03409 2
0.843013 0.843013 
0 0 0 0.507661 1.01532 0

0 0 0 0.507661 1.01532 2
0.641653 0.641653 
-120 -79.2 0 0.517047 1.03409 0

0 0 0 0.517047 1.03409 2
0.843013 0.843013 
0 0 0 0.507661 1.01532 0

0 0 0 0.507661 1.01532 2
0.641653 0.641653 
-220 -79.2 0 0.517047 1.03409 0

0 0 0 0.517047 1.03409 2
0.843013 0.843013 
0 0 0 0.507661 1.01532 0

0 0 0 0.507661 1.01532 2
0.641653 0.641653 
-320 -79.2 0 0.517047 1.03409 0

0 0 0 0.517047 1.03409 2
0.843013 0.843013 
0 0 0 0.507661 1.01532 0

0 0 0 0.507661 1.01532 2
0.641653 0.641653 
0 0 0.99 0.517047 1.03409 0

0 0 0 0.517047 1.03409 0

0 0 0 0.517047 1.03409 0

0 -79.2 0 0.507661 1.01532 0

0 0 0 0.507661 1.01532 2
0.641653 0.641653 
0 -94 80 0.507661 1.01532 0

0 0 0 0.507661 1.01532 2
0.641653 0.641653 
-70 -79.2 0 0.507661 1.01532 0

0 0 0 0.507661 1.01532 2
0.641653 0.641653 
-170 -79.2 0 0.507661 1.01532 0

0 0 0 0.507661 1.01532 2
0.641653 0.641653 
-120 -79.2 0 0.507661 1.01532 0

0 0 0 0.507661 1.01532 2
0.641653 0.641653 
-220 -79.2 0 0.507661 1.01532 0

0 0 0 0.507661 1.01532 2
0.641653 0.641653 
-320 -79.2 0 0.507661 1.01532 0

0 0 0 0.507661 1.01532 2
0.641653 0.641653 
0 0 0.99 0.507661 1.01532 0

0 0 0 0.507661 1.01532 0

0 0 0 0.507661 1.01532 0

