27
-0.046963453293 0.000000882094 5.168281555176
-3.170578241348 0.000000850202 5.897872924805
-5.541743278503 0.000000762271 7.909496307373
-7.390313148499 0.000000623817 11.076960563660
-8.561265945435 0.000000466513 14.675662040710
-9.339453697205 0.000000218561 20.348129272461
-9.036362648010 -0.000000065140 26.838459014893
-8.443730354309 -0.000000232249 30.661462783813
-7.700429916382 -0.000000366040 33.722240447998
-5.153564929962 -0.000000635862 39.895050048828
-3.156808614731 -0.000000798331 43.611919403076
-1.445533871651 -0.000000899137 45.918090820313
0.287820816040 -0.000000939450 46.840339660645
1.212567806244 -0.000000927049 46.556648254395
2.125921487808 -0.000000892836 45.773933410645
3.909334897995 -0.000000776899 43.121601104736
5.619831562042 -0.000000627495 39.703643798828
6.998493671417 -0.000000493037 36.627601623535
8.467342376709 -0.000000298386 32.174495697021
9.036645889282 -0.000000179278 29.449634552002
9.461613655090 -0.000000039443 26.250570297241
9.651913642883 0.000000183955 21.139823913574
8.834652900696 0.000000443477 15.202656745911
8.670357704163 0.000000471070 14.571414947510
7.497868061066 0.000000616661 11.240665435791
5.726024150848 0.000000748010 8.235765457153
3.247016906738 0.000000843644 6.047906875610